27 0.0 0.0611 0.1979 338.5324 234.50923
27 0.0 0.058 0.0214 547.46277 315.6657
27 0.0 0.2369 0.1961 397.34885 433.31985
27 0.0 0.2337 0.0195 578.4434 532.1968
13 0.0275 0.0597 0.0 614.4384 304.32727
13 0.2041 0.0641 0.0 772.15247 171.74454
13 0.0236 0.2361 0.0 629.5075 524.7706
13 0.2001 0.2407 0.0 759.3038 380.09106
42 0.0246 0.0 0.1904 356.44757 126.358444
42 0.201 0.0 0.1917 532.9699 26.413916
42 0.0279 0.0 0.014 586.1847 190.01431
42 0.2042 0.0 0.0159 750.55145 66.54135
31 0.2241 0.0609 0.0229 414.4765 407.81595
31 0.2241 0.0615 0.1988 779.6656 408.61798
31 0.2241 0.2368 0.0239 447.5486 630.0661
31 0.2241 0.2373 0.1997 743.2146 634.76337
